9842513673724685916153792844587936127698124531235469788976341252461857395319278  
 2 5     6498317525  6       3 8469  1839  47  61  2 8 8    924 74  81 5 6       
6   74    3 2615 8 1  3 7     452 833 2   91  68319 2  26543  1 5 62 34          
6  8275 925  4  3  8   1 72  24    7  675  8 74521    561 7 9284       3   9 2 1 
    32 57  51     281745 96    7      8  976  4 5 1  85 3984 7 6 4 57 31  2 1   9
1 89   4  438   27            1 7  2  9 42  6724 6 31   16 59748  7    1 672198 5
 6 5 18  473  2  55 1    2481 6      9     3 357 2 6 1  52 748 9461  75   89   1 
68   71   2 9158 79  6 352  56  2   3         92 6  587   56 81  8349  6   8 143 
4796  13 5 8 1976 1  73 5 8  356 4 725  9   3    42915 26  1  9     6      4    6
  82479 3 3 1   8 917  3 5  6 3      7  58 6 1 967    296  13     439  6  3526  1
 47 935 8       4    5  19 312 496  9  6127  67   8 19 81  5926  9  68       1 73
   1    3218  67 475   4 6  498312  531    48         962       8576349   492 51 
 26  1   3    9257495    1  4  531   6321 74   1 9  3  89 7   16   8 429   96 3 8