  4 8  5  1   5   35    2      946  9   27     81 354  73  1  85  2 9   2  7 84  
68    34  5     9    42   8 79    8  3    2   62598    912 64   458     722229252
4 95 16   5   9 3 3 6      8 39 2    24      165         75  84 4  1 3  2 84  1  
91   62 7 87   1  2 4  9     95 8 12 6 4      3     7    3 7    2    43   5 9 781
89 53 6     6          754    4        218  6 16 532  7 8  24 524 18    6       8
 4 6 91   2 1  93 8  3   2 91    74   7  359 254 9   8               859 7  8  1 
62   135 374 56    5  4   2 1 7 4     613        9               3  5678791 8 2  
5   3 4 73 26  9    7 4  8  26   8 1   76  4 47    2  21    7    4  65      97 3 
6 9 43  1    2 34  7  982   6 31      1     3 4 7    55       2  72  5 891 8  7  
 1 8    9984   6     6   3 83    1     2   96 9 75 28 4  18    37 9 2     1   92 
9  81      5  47 6   2 58 1 9 74 5       3 7 74       3  95 6    64   1317      4
24     1 6    5 3  3 4   58   8     7  3  5   1  5 74 126  8  4      8  5 37  129