020500000649831752500600000003084690018390047006100208080000924074008105060000000
600074000030261508010030700000452083302000910068319020026543001050620340000000000
600827509250040030080001072002400007006750080745210000561070928400000003000902010
000032057005100000281745096000070000008009760040501008503984070604057031002010009
108900040043800027000000000000107002009042006724060310001605974800700001067219805
060501800473002005501000024810600000090000030357020601005207480946100750008900010
680007100020915807900603520056002000300000000092060058700056081008349006000801430
479600130508019760100730508003560407250090003000042915026001009000006000000400006
008247903030100080917003050060300000070058060109670000296001300000439006003526001
047093508000000040000500190312049600900612700670008019081005926009006800000001073
000100003218006704750004060049831200531000048000000000962000000085763490004920510
026001000300009257495000010040053100063210740001090030089070001600080429000960308