  36     9  8  2 7          4 15 83  7   4   82        9   53 85  76 4        56 
 9 5 6 7 67  9 5 11    7  9    2  9    7 4    2 1    77     1   8       4  63    
  2  1 84 4  2  1  3 64      7    3 2     1     21 7 5 2  7 5    59  3 8 63    2 
5 376     26   7     1   8 7   4   1  4     6 1   6 739       8     5      6 319 
    576  74   6         3  378  5  9    6 58   1 2  7  1  4       8   4 9  6   3 
 6    18    5    4 15 7       83  96  6 4   82    67  8 1  76   4    8       4   
  4   5         496 3   8    2    967 5   2   9 84       63   5   28    37 1    2
 3  24     1 3 7 5   5  8   7         4 8  57 1 7  9    6 4 3   5      23 7    6 
  486  3   1    9 8    9 6 5  2 6  1 27  1       43  6 5         9   4     4   15
5  2 43  1 7  6 25    5 76    3          5  6    4  5  26  8  44 3 621   5     7 
  56   4  9  3   2  8   13  6       18     5 5 7   9  6   15    439        76   4
   3   5 2 147539      6  4  389    69           6  49 5  4  6  2      53 7   9 8