003600000900800207000000000040150830070004000820000000090005308500760400000000560
090506070670090501100007009000020090000704000020100007700000100080000000400630000
002001084040020010030640000007000030200000100000210705020070500005900308063000020
503760000026000700000100080700040001004000006010006073900000008000005000000603190
000057600740006000000000300378005009000060580001020070010040000000800040900600030
060000180000500004015070000000830096006040008200006700801007600040000800000004000
004000500000000049603000800002000096705000200090840000000630005000280000370100002
030024000001030705000500800070000000004080057010700900006040300050000002307000060
004860030001000090800009060500206001027001000000043006050000000009000400000400015
500204300107006025000050760000300000000005006000040050026008004403062100050000070
005600040090030002008000130060000000180000050507000900600015000043900000000760004
000300050201475390000006004003890000690000000000060049050040060020000005307000908