004080050010005000350000200000094600900027000008103540073001008500209000200708400
680000340050000090000420008079000080030000200062598000091206400045800000722229252
409501600050009030306000000803902000024000000165000000000750084040010300208400100
910006207087000100204009000009508012060400000030000070000307000020000430005090781
890530600000600000000007540000400000000218006016053200708002405240180000600000008
040609100020100930800300020910000740007003590254090008000000000000000859070080010
620001350374056000050040002010704000006130000000090000000000000003005678791080200
500030407302600900007040080026000801000760040470000200210000700004006500000097030
609043001000020340070098200060310000001000003040700005500000002007200508910800700
010800009984000600000600030830000100000200096090750280400180000370902000001000920
900810000005004706000205801090740500000003070740000000300950600006400013170000004
240000010600005030030400058000800000700300500010050740126008004000000800503700129